chromosome	base_pair_location	effect_allele	other_allele	beta	standard_error	p_value	effect_allele_frequency	rsid	hm_coordinate_conversion
22	NA	G	A	4.72237e-03	2.47307e-02	8.48563e-01	5.42248e-02	NA	NA
22	NA	C	T	-4.76140e-04	1.22775e-02	9.69065e-01	3.84425e-01	NA	NA
22	NA	C	A	4.56214e-03	2.46990e-02	8.53457e-01	5.41117e-02	NA	NA
22	NA	C	G	3.29406e-03	2.47190e-02	8.93988e-01	5.40419e-02	NA	NA
22	NA	G	C	2.94244e-03	2.47179e-02	9.05243e-01	5.40432e-02	NA	NA
22	NA	T	C	3.90469e-03	2.46576e-02	8.74176e-01	5.43985e-02	NA	NA
22	NA	T	C	5.04177e-04	1.20150e-02	9.66529e-01	3.80778e-01	NA	NA
22	NA	A	G	7.61205e-05	1.26503e-02	9.95199e-01	2.95782e-01	NA	NA
22	NA	C	A	1.30288e-04	1.25314e-02	9.91705e-01	3.61112e-01	NA	NA
22	NA	C	T	6.27987e-03	1.20572e-02	6.02477e-01	4.76413e-01	NA	NA
22	NA	A	G	-9.56649e-05	1.21919e-02	9.93739e-01	4.14275e-01	NA	NA
22	NA	A	G	3.72266e-02	3.85663e-02	3.34413e-01	2.58985e-02	NA	NA
22	NA	C	T	-1.28243e-02	1.14945e-02	2.64558e-01	4.35197e-01	NA	NA
22	NA	T	C	-2.21461e-02	2.02546e-02	2.74225e-01	8.92751e-02	NA	NA
22	NA	G	A	7.81311e-03	1.15348e-02	4.98185e-01	4.85475e-01	NA	NA
22	NA	G	C	1.08125e-03	1.18192e-02	9.27109e-01	3.89449e-01	NA	NA
22	NA	G	A	6.22802e-03	2.08885e-02	7.65584e-01	7.79487e-02	NA	NA
22	NA	A	G	8.17234e-03	2.09516e-02	6.96493e-01	7.78327e-02	NA	NA
22	NA	T	C	5.46436e-03	1.18027e-02	6.43382e-01	3.37586e-01	NA	NA
22	NA	G	A	5.44389e-03	1.18027e-02	6.44625e-01	3.37563e-01	NA	NA
22	NA	T	C	1.27191e-02	1.41344e-02	3.68188e-01	1.92252e-01	NA	NA
22	NA	A	G	-9.84164e-03	1.30089e-02	4.49331e-01	2.47348e-01	NA	NA
22	NA	G	A	-1.15276e-02	1.36538e-02	3.98514e-01	2.14319e-01	NA	NA
22	NA	T	G	1.59233e-03	1.13529e-02	8.88456e-01	4.06897e-01	NA	NA
22	NA	G	T	-1.26794e-02	1.25046e-02	3.10592e-01	2.73166e-01	NA	NA
22	NA	T	G	-1.18644e-02	1.36464e-02	3.84622e-01	2.12565e-01	NA	NA
22	NA	G	T	-1.18008e-02	1.36409e-02	3.86980e-01	2.12169e-01	NA	NA
22	NA	CT	C	-1.28478e-02	1.43151e-02	3.69453e-01	2.15806e-01	NA	NA
22	NA	C	T	-1.07477e-02	1.16602e-02	3.56664e-01	3.57055e-01	NA	NA
22	NA	A	G	-1.09368e-02	1.14015e-02	3.37438e-01	3.99592e-01	NA	NA
22	NA	T	A	-1.08928e-02	1.36436e-02	4.24649e-01	2.12682e-01	NA	NA
22	NA	A	G	-1.52963e-02	1.20693e-02	2.05025e-01	3.75808e-01	NA	NA
22	NA	A	G	-1.48405e-02	1.20960e-02	2.19861e-01	3.64969e-01	NA	NA
22	NA	A	G	-1.49338e-02	1.20885e-02	2.16690e-01	3.65489e-01	NA	NA
22	NA	A	G	-9.64905e-03	1.34224e-02	4.72219e-01	2.55625e-01	NA	NA
22	NA	G	A	-7.07644e-03	1.38130e-02	6.08438e-01	2.10412e-01	NA	NA
22	NA	G	A	-7.09669e-03	1.38127e-02	6.07406e-01	2.10430e-01	NA	NA
22	NA	T	A	2.94537e-03	1.15781e-02	7.99194e-01	3.81886e-01	NA	NA
22	NA	T	C	6.81379e-03	2.34629e-02	7.71505e-01	6.03544e-02	NA	NA
22	NA	T	C	2.46182e-02	6.41478e-02	7.01146e-01	8.56514e-03	NA	NA
22	NA	T	G	-5.80330e-02	4.55994e-02	2.03136e-01	1.54195e-02	NA	NA
22	NA	G	T	-8.43832e-03	1.36465e-02	5.36344e-01	2.12322e-01	NA	NA
22	NA	C	G	2.64178e-03	1.33511e-02	8.43147e-01	2.26406e-01	NA	NA
22	NA	A	G	6.66458e-03	6.27304e-02	9.15391e-01	8.86141e-03	NA	NA
22	NA	G	C	3.47271e-03	1.34767e-02	7.96652e-01	2.18425e-01	NA	NA
22	NA	G	A	-9.99285e-03	2.56210e-02	6.96517e-01	5.01619e-02	NA	NA
22	NA	A	C	-3.58879e-02	1.66609e-02	3.12388e-02	1.30104e-01	NA	NA
22	NA	G	A	-2.20005e-02	1.14156e-02	5.39503e-02	3.92375e-01	NA	NA
22	NA	C	T	-3.83795e-02	1.66378e-02	2.10684e-02	1.33226e-01	NA	NA
22	NA	A	G	-3.99100e-02	1.67606e-02	1.72578e-02	1.31534e-01	NA	NA
22	NA	C	T	-2.53264e-03	1.15062e-02	8.25785e-01	4.81305e-01	NA	NA
22	NA	A	G	6.44753e-04	1.19159e-02	9.56849e-01	3.44383e-01	NA	NA
22	NA	G	C	7.86511e-03	1.15790e-02	4.96975e-01	4.20722e-01	NA	NA
22	NA	T	G	-1.50934e-02	1.17329e-02	1.98300e-01	3.45207e-01	NA	NA
22	NA	A	G	7.74521e-03	1.79204e-02	6.65596e-01	1.08325e-01	NA	NA
22	NA	T	C	-1.09647e-02	1.75316e-02	5.31691e-01	1.31064e-01	NA	NA
22	NA	G	T	-1.09693e-02	1.75317e-02	5.31522e-01	1.31064e-01	NA	NA
22	NA	T	C	-4.83237e-03	1.55020e-02	7.55250e-01	2.01159e-01	NA	NA
22	NA	A	G	5.28341e-02	3.14485e-02	9.29549e-02	3.92880e-02	NA	NA
22	NA	T	A	-1.11678e-02	1.79019e-02	5.32738e-01	1.27277e-01	NA	NA
22	NA	T	A	1.25985e-02	1.56321e-02	4.20279e-01	1.91812e-01	NA	NA
22	NA	A	T	3.66223e-02	1.27649e-02	4.11822e-03	3.24623e-01	NA	NA
22	NA	C	T	4.21226e-03	1.56818e-02	7.88231e-01	1.68034e-01	NA	NA
22	NA	C	T	-6.03586e-03	1.53750e-02	6.94633e-01	1.79164e-01	NA	NA
22	NA	C	T	9.18160e-03	1.61757e-02	5.70296e-01	1.43401e-01	NA	NA
22	NA	G	A	9.39794e-03	1.62338e-02	5.62648e-01	1.41522e-01	NA	NA
22	NA	C	T	-7.15291e-03	1.16086e-02	5.37782e-01	4.01618e-01	NA	NA
22	NA	A	T	-2.84722e-02	1.51143e-02	5.95936e-02	1.66004e-01	NA	NA
22	NA	T	C	-2.14537e-02	1.56828e-02	1.71321e-01	1.50231e-01	NA	NA
22	NA	A	G	-2.82819e-02	1.50548e-02	6.03015e-02	1.65997e-01	NA	NA
22	NA	T	C	-2.73097e-02	1.49922e-02	6.85172e-02	1.66209e-01	NA	NA
22	NA	C	G	-2.76464e-02	1.49906e-02	6.51469e-02	1.66182e-01	NA	NA
22	NA	T	C	-2.91116e-02	1.49873e-02	5.20878e-02	1.66135e-01	NA	NA
22	NA	C	T	-2.87682e-02	1.49888e-02	5.49449e-02	1.66102e-01	NA	NA
22	NA	A	C	-1.27345e-02	1.12928e-02	2.59461e-01	4.71911e-01	NA	NA
22	NA	C	T	-1.37251e-02	1.61310e-02	3.94851e-01	1.38399e-01	NA	NA
22	NA	C	G	-1.09510e-02	1.13243e-02	3.33526e-01	4.48201e-01	NA	NA
22	NA	T	C	-1.20607e-02	1.61178e-02	4.54287e-01	1.38461e-01	NA	NA
22	NA	T	C	-1.08012e-02	1.13224e-02	3.40101e-01	4.48099e-01	NA	NA
22	NA	G	A	-1.57440e-02	1.70328e-02	3.55314e-01	1.22529e-01	NA	NA
22	NA	T	C	-8.94063e-03	1.87948e-02	6.34290e-01	9.89079e-02	NA	NA
22	NA	G	T	-4.32821e-03	1.12604e-02	7.00702e-01	4.47463e-01	NA	NA
22	NA	A	G	-2.77672e-02	1.22880e-02	2.38402e-02	2.89396e-01	NA	NA
22	NA	G	T	-2.80161e-02	1.23103e-02	2.28568e-02	2.88616e-01	NA	NA
22	NA	A	G	-2.79796e-02	1.23108e-02	2.30411e-02	2.88563e-01	NA	NA
22	NA	C	T	-2.64023e-02	1.22699e-02	3.14140e-02	2.90402e-01	NA	NA
22	NA	C	T	-2.63789e-02	1.22697e-02	3.15626e-02	2.90390e-01	NA	NA
22	NA	G	A	-2.65472e-02	1.22640e-02	3.04164e-02	2.90369e-01	NA	NA
22	NA	G	A	-2.68181e-02	1.22702e-02	2.88434e-02	2.90240e-01	NA	NA
22	NA	A	T	-2.63344e-02	1.22704e-02	3.18594e-02	2.90382e-01	NA	NA
22	NA	A	G	-4.30539e-03	1.91817e-02	8.22406e-01	9.57006e-02	NA	NA
22	NA	G	A	-4.55470e-03	1.91756e-02	8.12249e-01	9.57541e-02	NA	NA
22	NA	T	C	-2.16107e-02	1.60672e-02	1.78620e-01	1.39597e-01	NA	NA
22	NA	G	T	-2.86604e-02	2.76706e-02	3.00310e-01	4.72811e-02	NA	NA
22	NA	C	T	1.65147e-03	1.44407e-02	9.08951e-01	1.83703e-01	NA	NA
22	NA	T	C	-1.83156e-02	1.31872e-02	1.64866e-01	2.35081e-01	NA	NA
22	NA	C	CTTTTTTT	-3.33332e-04	1.45672e-02	9.81744e-01	1.83063e-01	NA	NA
22	NA	C	T	-8.45337e-06	1.46596e-02	9.99540e-01	1.79824e-01	NA	NA
22	NA	T	G	-8.45337e-06	1.46596e-02	9.99540e-01	1.79824e-01	NA	NA
22	NA	C	A	-1.09620e-05	1.46596e-02	9.99403e-01	1.79824e-01	NA	NA
22	NA	G	A	-1.15379e-05	1.46596e-02	9.99372e-01	1.79824e-01	NA	NA
22	NA	C	T	-1.82513e-02	1.31621e-02	1.65549e-01	2.35657e-01	NA	NA
22	NA	G	C	-1.74108e-02	1.52718e-02	2.54261e-01	1.83429e-01	NA	NA
22	NA	A	G	7.95513e-04	1.13589e-02	9.44166e-01	4.99622e-01	NA	NA
22	NA	G	A	-1.76048e-02	1.33500e-02	1.87264e-01	2.31403e-01	NA	NA
22	NA	C	G	-1.76112e-02	1.33494e-02	1.87087e-01	2.31362e-01	NA	NA
22	NA	C	G	5.28468e-03	1.15890e-02	6.48385e-01	4.70807e-01	NA	NA
22	NA	T	C	-1.22224e-02	1.47083e-02	4.05983e-01	1.96181e-01	NA	NA
22	NA	T	C	-2.33515e-02	1.48709e-02	1.16352e-01	1.93817e-01	NA	NA
22	NA	G	A	-1.92059e-02	1.72234e-02	2.64805e-01	1.48956e-01	NA	NA
22	NA	A	C	-1.78239e-02	1.52942e-02	2.43858e-01	1.82085e-01	NA	NA
22	NA	C	T	-1.79278e-02	1.52926e-02	2.41070e-01	1.81902e-01	NA	NA
22	NA	C	T	-8.25145e-03	1.47388e-02	5.75585e-01	1.94895e-01	NA	NA
22	NA	A	G	1.41680e-02	1.64758e-02	3.89830e-01	1.48318e-01	NA	NA
22	NA	A	G	-1.37817e-02	1.41252e-02	3.29222e-01	2.08585e-01	NA	NA
22	NA	G	A	-1.99672e-02	1.35242e-02	1.39836e-01	2.26109e-01	NA	NA
22	NA	A	G	-1.90976e-02	1.31820e-02	1.47403e-01	2.34485e-01	NA	NA
22	NA	C	T	-1.91672e-02	1.31827e-02	1.45956e-01	2.34434e-01	NA	NA
22	NA	G	A	-1.91753e-02	1.31819e-02	1.45762e-01	2.34496e-01	NA	NA
22	NA	T	C	-1.95452e-02	1.31475e-02	1.37119e-01	2.35197e-01	NA	NA
22	NA	T	G	-1.94930e-02	1.31498e-02	1.38238e-01	2.35076e-01	NA	NA
22	NA	A	G	-1.97027e-02	1.31490e-02	1.34026e-01	2.35128e-01	NA	NA
22	NA	C	T	2.62942e-02	3.79995e-02	4.88961e-01	2.47137e-02	NA	NA
22	NA	A	ATTATTTAAATAATTAAATTAATTAT	-2.81967e-04	1.12584e-02	9.80019e-01	4.96997e-01	NA	NA
22	NA	T	C	-1.97026e-02	1.31584e-02	1.34305e-01	2.35289e-01	NA	NA
22	NA	C	T	-1.97723e-02	1.31585e-02	1.32938e-01	2.35273e-01	NA	NA
22	NA	C	T	-2.09679e-02	1.32206e-02	1.12739e-01	2.33894e-01	NA	NA
22	NA	AT	A	-2.05406e-02	1.32204e-02	1.20257e-01	2.33948e-01	NA	NA
22	NA	T	C	1.41202e-03	1.45111e-02	9.22483e-01	1.81387e-01	NA	NA
22	NA	G	A	-7.90050e-04	1.12347e-02	9.43937e-01	4.99392e-01	NA	NA
22	NA	C	T	7.57546e-04	1.44645e-02	9.58232e-01	1.82973e-01	NA	NA
22	NA	G	T	-4.86902e-04	1.35783e-02	9.71395e-01	2.17879e-01	NA	NA
22	NA	C	T	-6.18440e-04	1.35780e-02	9.63671e-01	2.17784e-01	NA	NA
22	NA	A	T	8.15202e-04	1.33187e-02	9.51194e-01	2.27615e-01	NA	NA
22	NA	A	G	3.25686e-04	1.12940e-02	9.76995e-01	4.23778e-01	NA	NA
22	NA	A	G	-4.45178e-03	1.28777e-02	7.29571e-01	2.49360e-01	NA	NA
22	NA	C	T	-5.75123e-02	8.30653e-02	4.88703e-01	5.49224e-03	NA	NA
22	NA	A	C	-1.29839e-02	1.13088e-02	2.50919e-01	4.28489e-01	NA	NA
22	NA	G	A	-1.33253e-02	1.12996e-02	2.38288e-01	4.31477e-01	NA	NA
22	NA	T	C	-9.12707e-03	1.11552e-02	4.13248e-01	4.97081e-01	NA	NA
22	NA	C	T	-9.17552e-03	1.11568e-02	4.10841e-01	4.92664e-01	NA	NA
22	NA	A	G	-8.73757e-03	1.11500e-02	4.33253e-01	4.92076e-01	NA	NA
22	NA	T	C	-8.95271e-03	1.11483e-02	4.21942e-01	4.92219e-01	NA	NA
22	NA	T	C	-8.70374e-03	1.11486e-02	4.34978e-01	4.92369e-01	NA	NA
22	NA	G	A	-8.71139e-03	1.11494e-02	4.34609e-01	4.92406e-01	NA	NA
22	NA	C	T	-8.61001e-03	1.11493e-02	4.39967e-01	4.92291e-01	NA	NA
22	NA	T	C	-8.22572e-03	1.11559e-02	4.60913e-01	4.90566e-01	NA	NA
22	NA	T	G	-8.88548e-03	1.11467e-02	4.25368e-01	4.92041e-01	NA	NA
22	NA	A	G	-9.28600e-03	1.11590e-02	4.05324e-01	4.92704e-01	NA	NA
22	NA	A	C	-9.44552e-03	1.11673e-02	3.97654e-01	4.92694e-01	NA	NA
22	NA	C	T	-8.69275e-03	1.11716e-02	4.36506e-01	4.92048e-01	NA	NA
22	NA	T	C	-8.74584e-03	1.11750e-02	4.33848e-01	4.91985e-01	NA	NA
22	NA	T	C	-8.67946e-03	1.11892e-02	4.37928e-01	4.96748e-01	NA	NA
22	NA	C	G	-8.64569e-03	1.11875e-02	4.39640e-01	4.91902e-01	NA	NA
22	NA	T	C	-9.33662e-03	1.12776e-02	4.07734e-01	4.96600e-01	NA	NA
22	NA	T	C	-1.26200e-02	1.12757e-02	2.63045e-01	4.86470e-01	NA	NA
22	NA	G	C	-6.65456e-03	1.14717e-02	5.61856e-01	4.80323e-01	NA	NA
22	NA	G	A	-7.28264e-03	1.12958e-02	5.19110e-01	4.92129e-01	NA	NA
22	NA	T	A	-2.50451e-03	1.15269e-02	8.27994e-01	4.77931e-01	NA	NA
22	NA	A	G	-1.19822e-02	1.15322e-02	2.98796e-01	4.26339e-01	NA	NA
22	NA	T	A	8.19543e-03	1.65015e-02	6.19438e-01	1.35464e-01	NA	NA
22	NA	T	G	4.39567e-03	1.65885e-02	7.91022e-01	1.28874e-01	NA	NA
22	NA	T	G	-6.51168e-03	1.17708e-02	5.80121e-01	4.69849e-01	NA	NA
22	NA	A	G	1.74115e-03	1.18648e-02	8.83330e-01	3.29851e-01	NA	NA
22	NA	G	A	1.71050e-03	1.18652e-02	8.85373e-01	3.29844e-01	NA	NA
22	NA	T	C	8.53243e-04	1.13128e-02	9.39878e-01	4.15155e-01	NA	NA
22	NA	C	T	5.05391e-04	1.13122e-02	9.64365e-01	4.15185e-01	NA	NA
22	NA	G	A	1.56426e-03	1.18586e-02	8.95056e-01	3.29537e-01	NA	NA
22	NA	T	C	1.53666e-03	1.18584e-02	8.96896e-01	3.29548e-01	NA	NA
22	NA	A	C	8.45246e-04	1.13298e-02	9.40530e-01	4.15134e-01	NA	NA
22	NA	C	A	4.34901e-03	1.26926e-02	7.31869e-01	3.06520e-01	NA	NA
22	NA	T	G	1.42277e-02	1.28727e-02	2.69048e-01	2.71781e-01	NA	NA
22	NA	T	A	2.52931e-03	1.47585e-02	8.63925e-01	1.73348e-01	NA	NA
22	NA	C	G	1.87950e-02	1.15605e-02	1.03996e-01	3.70070e-01	NA	NA
22	NA	T	TA	1.94828e-02	1.15708e-02	9.22233e-02	3.70254e-01	NA	NA
22	NA	T	G	-4.71972e-03	1.73468e-02	7.85560e-01	1.16685e-01	NA	NA
22	NA	C	T	1.66849e-02	1.15542e-02	1.48724e-01	3.69675e-01	NA	NA
22	NA	A	G	1.68281e-02	1.15561e-02	1.45337e-01	3.69694e-01	NA	NA
22	NA	T	G	1.67691e-02	1.15557e-02	1.46737e-01	3.69710e-01	NA	NA
22	NA	A	C	-4.69469e-03	1.73455e-02	7.86654e-01	1.16689e-01	NA	NA
22	NA	C	CAAAT	2.04337e-02	1.15908e-02	7.79150e-02	3.68966e-01	NA	NA
22	NA	A	C	1.82084e-02	1.15726e-02	1.15626e-01	3.69531e-01	NA	NA
22	NA	C	T	1.88782e-02	1.15592e-02	1.02435e-01	3.75536e-01	NA	NA
22	NA	G	A	1.79196e-02	1.15582e-02	1.21049e-01	3.74954e-01	NA	NA
22	NA	T	A	1.79193e-02	1.15582e-02	1.21055e-01	3.74954e-01	NA	NA
22	NA	C	T	1.65362e-02	1.15651e-02	1.52764e-01	3.69356e-01	NA	NA
22	NA	T	A	1.79766e-02	1.15601e-02	1.19934e-01	3.69940e-01	NA	NA
22	NA	C	T	1.79670e-02	1.15619e-02	1.20188e-01	3.69946e-01	NA	NA
22	NA	C	T	-1.07359e-02	1.71042e-02	5.30216e-01	1.21135e-01	NA	NA
22	NA	A	G	-1.27590e-01	9.31159e-02	1.70616e-01	3.70459e-03	NA	NA
22	NA	G	A	-9.33485e-03	1.70896e-02	5.84907e-01	1.20779e-01	NA	NA
22	NA	T	C	-9.25118e-03	1.70888e-02	5.88260e-01	1.20832e-01	NA	NA
22	NA	C	T	-8.64381e-03	1.71986e-02	6.15254e-01	1.19797e-01	NA	NA
22	NA	G	A	-8.64328e-03	1.71292e-02	6.13844e-01	1.20428e-01	NA	NA
22	NA	T	C	-8.30909e-03	1.71285e-02	6.27604e-01	1.20378e-01	NA	NA
22	NA	T	A	-3.80508e-03	1.73280e-02	8.26190e-01	1.16634e-01	NA	NA
22	NA	A	T	-1.18682e-02	1.79159e-02	5.07689e-01	1.12760e-01	NA	NA
22	NA	G	A	1.75650e-02	1.15680e-02	1.28912e-01	3.71104e-01	NA	NA
22	NA	T	G	-8.46782e-03	1.70789e-02	6.20031e-01	1.20791e-01	NA	NA
22	NA	A	T	-2.51538e-03	1.72796e-02	8.84262e-01	1.18179e-01	NA	NA
22	NA	T	G	-6.38488e-03	1.75128e-02	7.15422e-01	1.16173e-01	NA	NA
22	NA	C	T	-6.14722e-03	1.75175e-02	7.25650e-01	1.16126e-01	NA	NA
22	NA	T	C	-3.44850e-03	1.81392e-02	8.49221e-01	1.10721e-01	NA	NA
22	NA	T	C	-3.24151e-03	1.81349e-02	8.58139e-01	1.10778e-01	NA	NA
22	NA	G	A	-2.66309e-03	1.80729e-02	8.82854e-01	1.12112e-01	NA	NA
22	NA	G	C	1.59534e-02	1.20487e-02	1.85479e-01	3.15605e-01	NA	NA
22	NA	G	A	1.76583e-03	1.15501e-02	8.78489e-01	3.78609e-01	NA	NA
22	NA	C	T	-1.33386e-02	1.91709e-02	4.86571e-01	9.53717e-02	NA	NA
22	NA	G	A	3.37268e-04	1.14853e-02	9.76573e-01	3.78046e-01	NA	NA
22	NA	T	A	-1.83023e-02	1.16765e-02	1.17011e-01	3.63046e-01	NA	NA
22	NA	A	G	-1.93205e-02	1.16792e-02	9.80748e-02	3.63254e-01	NA	NA
22	NA	T	C	1.72703e-03	1.13474e-02	8.79032e-01	4.30201e-01	NA	NA
22	NA	T	G	-1.14815e-02	1.14955e-02	3.17902e-01	4.18314e-01	NA	NA
22	NA	C	T	6.03619e-03	1.45380e-02	6.77996e-01	1.85967e-01	NA	NA
22	NA	G	A	3.23175e-04	1.48653e-02	9.82655e-01	1.69043e-01	NA	NA
22	NA	T	C	3.90713e-03	1.50499e-02	7.95163e-01	1.64142e-01	NA	NA
22	NA	G	A	-1.38991e-02	1.17483e-02	2.36779e-01	3.55204e-01	NA	NA
22	NA	T	C	-1.08368e-02	1.13556e-02	3.39926e-01	4.15557e-01	NA	NA
22	NA	AT	A	-1.13934e-02	1.13583e-02	3.15819e-01	4.15754e-01	NA	NA
22	NA	C	A	-1.14432e-02	1.13604e-02	3.13797e-01	4.15713e-01	NA	NA
22	NA	G	A	-1.42992e-02	1.16384e-02	2.19214e-01	3.59372e-01	NA	NA
22	NA	G	A	7.48715e-03	1.37576e-02	5.86290e-01	2.14183e-01	NA	NA
22	NA	G	T	-7.42156e-03	1.14225e-02	5.15867e-01	4.00516e-01	NA	NA
22	NA	T	C	7.36326e-03	1.52112e-02	6.28338e-01	1.63298e-01	NA	NA
22	NA	A	G	-9.60929e-03	1.14073e-02	3.99576e-01	4.09868e-01	NA	NA
22	NA	T	A	7.68914e-03	1.52449e-02	6.14000e-01	1.60041e-01	NA	NA
22	NA	A	T	-4.23413e-02	3.05337e-02	1.65533e-01	4.01408e-02	NA	NA
22	NA	C	T	-5.90982e-03	1.17033e-02	6.13579e-01	3.96686e-01	NA	NA
22	NA	G	C	-2.08849e-02	1.43225e-02	1.44790e-01	1.96603e-01	NA	NA
22	NA	A	G	1.04775e-02	1.14904e-02	3.61847e-01	3.83184e-01	NA	NA
22	NA	A	C	7.87498e-03	1.53964e-02	6.09014e-01	1.55528e-01	NA	NA
22	NA	GAGATAGAC	G	1.01356e-02	1.57648e-02	5.20270e-01	1.53459e-01	NA	NA
22	NA	G	A	-1.07891e-02	1.19190e-02	3.65361e-01	3.31903e-01	NA	NA
22	NA	A	G	3.28059e-03	1.51245e-02	8.28282e-01	1.64488e-01	NA	NA
22	NA	C	G	-2.24338e-03	1.47452e-02	8.79074e-01	1.86888e-01	NA	NA
22	NA	C	T	-1.46554e-03	1.47220e-02	9.20703e-01	1.87487e-01	NA	NA
22	NA	G	A	3.68209e-03	1.34379e-02	7.84079e-01	2.35436e-01	NA	NA
22	NA	A	C	-2.69372e-03	1.33382e-02	8.39952e-01	2.31478e-01	NA	NA
22	NA	T	C	-3.11328e-03	1.38178e-02	8.21739e-01	2.10326e-01	NA	NA
22	NA	C	T	-1.66325e-03	1.36638e-02	9.03115e-01	2.14111e-01	NA	NA
22	NA	G	C	-1.97908e-03	1.35260e-02	8.83672e-01	2.16874e-01	NA	NA
22	NA	G	A	-1.78445e-03	1.55221e-02	9.08476e-01	1.76330e-01	NA	NA
22	NA	G	C	-2.00175e-03	1.37557e-02	8.84299e-01	2.11926e-01	NA	NA
22	NA	A	C	-1.95015e-03	1.35152e-02	8.85269e-01	2.17235e-01	NA	NA
22	NA	A	C	-1.87099e-03	1.35145e-02	8.89890e-01	2.17236e-01	NA	NA
22	NA	G	C	-2.27798e-03	1.42692e-02	8.73162e-01	1.88334e-01	NA	NA
22	NA	T	TG	-1.91382e-03	1.51314e-02	8.99352e-01	1.72834e-01	NA	NA
22	NA	A	G	-1.15428e-03	1.33691e-02	9.31196e-01	2.24151e-01	NA	NA
22	NA	G	T	-1.13313e-03	1.33686e-02	9.32451e-01	2.24094e-01	NA	NA
22	NA	C	G	-1.01974e-02	1.17939e-02	3.87242e-01	4.76173e-01	NA	NA
22	NA	T	C	-1.01998e-02	1.17938e-02	3.87124e-01	4.76172e-01	NA	NA
22	NA	T	C	-1.01962e-02	1.17937e-02	3.87291e-01	4.76171e-01	NA	NA
22	NA	T	C	-1.00119e-02	1.17895e-02	3.95760e-01	4.75613e-01	NA	NA
22	NA	C	T	-1.03174e-02	1.17854e-02	3.81336e-01	4.75693e-01	NA	NA
22	NA	T	C	-1.24883e-02	1.18069e-02	2.90188e-01	4.84556e-01	NA	NA
22	NA	A	G	-1.17845e-02	1.18194e-02	3.18743e-01	4.86474e-01	NA	NA
22	NA	A	G	-6.63644e-03	1.17519e-02	5.72271e-01	4.92198e-01	NA	NA
22	NA	C	T	-2.72906e-02	3.32383e-02	4.11613e-01	2.96210e-02	NA	NA
22	NA	A	AG	-1.42418e-02	3.41305e-02	6.76478e-01	2.87656e-02	NA	NA
22	NA	T	C	-1.51201e-02	1.35142e-02	2.63215e-01	2.17547e-01	NA	NA
22	NA	G	A	-9.76374e-03	1.11792e-02	3.82454e-01	4.68932e-01	NA	NA
22	NA	A	T	-1.53328e-02	1.35138e-02	2.56542e-01	2.17545e-01	NA	NA
22	NA	A	G	-9.64270e-03	1.11787e-02	3.88360e-01	4.68858e-01	NA	NA
22	NA	A	G	-9.89849e-03	1.11736e-02	3.75680e-01	4.68903e-01	NA	NA
22	NA	G	A	-9.90712e-03	1.11723e-02	3.75208e-01	4.68871e-01	NA	NA
22	NA	A	G	-1.02576e-02	1.12270e-02	3.60901e-01	4.69080e-01	NA	NA
22	NA	T	A	-2.88849e-02	3.32983e-02	3.85692e-01	2.95579e-02	NA	NA
22	NA	C	T	-9.44930e-03	1.25105e-02	4.50065e-01	2.84162e-01	NA	NA
22	NA	G	A	-1.09060e-02	1.12939e-02	3.34221e-01	4.68849e-01	NA	NA
22	NA	C	A	-9.49498e-03	1.25302e-02	4.48591e-01	2.84172e-01	NA	NA
22	NA	T	C	-1.76869e-02	1.36255e-02	1.94265e-01	2.17555e-01	NA	NA
22	NA	T	C	-1.28093e-02	1.14724e-02	2.64194e-01	4.48522e-01	NA	NA
22	NA	A	C	-1.75897e-02	1.36329e-02	1.96968e-01	2.17527e-01	NA	NA
22	NA	A	C	-1.07188e-02	1.25802e-02	3.94193e-01	2.84517e-01	NA	NA
22	NA	G	A	-1.78490e-02	1.36555e-02	1.91182e-01	2.17410e-01	NA	NA
22	NA	G	A	-1.16304e-02	1.27164e-02	3.60401e-01	2.77525e-01	NA	NA
22	NA	C	G	1.84947e-02	1.26305e-02	1.43116e-01	2.91327e-01	NA	NA
22	NA	C	T	1.93986e-02	1.28038e-02	1.29755e-01	2.78319e-01	NA	NA
22	NA	A	G	-6.43848e-03	1.69379e-02	7.03854e-01	1.25183e-01	NA	NA
22	NA	T	A	6.15083e-03	1.93984e-02	7.51184e-01	9.15356e-02	NA	NA
22	NA	G	A	3.35241e-03	1.94440e-02	8.63113e-01	9.00732e-02	NA	NA
22	NA	T	C	2.24493e-02	1.97201e-02	2.54955e-01	9.46327e-02	NA	NA
22	NA	C	T	1.15057e-02	2.10962e-02	5.85485e-01	7.52969e-02	NA	NA
22	NA	T	C	-6.00186e-03	1.68875e-02	7.22289e-01	1.24528e-01	NA	NA
22	NA	T	C	3.14028e-03	1.94430e-02	8.71690e-01	9.00916e-02	NA	NA
22	NA	T	C	3.14010e-03	1.94430e-02	8.71697e-01	9.00916e-02	NA	NA
22	NA	A	T	3.11049e-03	1.94791e-02	8.73131e-01	8.99275e-02	NA	NA
22	NA	G	A	1.19206e-02	2.11331e-02	5.72704e-01	7.50435e-02	NA	NA
22	NA	C	T	3.48098e-03	1.94634e-02	8.58058e-01	8.99200e-02	NA	NA
22	NA	A	G	3.03314e-03	1.94582e-02	8.76128e-01	8.99195e-02	NA	NA
22	NA	G	A	3.23403e-03	1.94606e-02	8.68013e-01	8.99390e-02	NA	NA
22	NA	A	C	1.57322e-02	1.21238e-02	1.94417e-01	3.03339e-01	NA	NA
22	NA	G	A	1.58390e-02	1.21236e-02	1.91397e-01	3.03350e-01	NA	NA
22	NA	C	G	1.96284e-02	1.26207e-02	1.19887e-01	2.65618e-01	NA	NA
22	NA	A	G	1.58009e-02	1.21112e-02	1.92013e-01	3.03987e-01	NA	NA
22	NA	G	A	1.58603e-02	1.21113e-02	1.90351e-01	3.04074e-01	NA	NA
22	NA	C	T	1.98095e-02	1.27637e-02	1.20659e-01	2.56571e-01	NA	NA
22	NA	T	G	1.58489e-02	1.21064e-02	1.90490e-01	3.04020e-01	NA	NA
22	NA	C	G	1.58743e-02	1.21068e-02	1.89796e-01	3.04008e-01	NA	NA
22	NA	A	G	1.56644e-02	1.21095e-02	1.95818e-01	3.03974e-01	NA	NA
22	NA	A	G	1.56373e-02	1.21081e-02	1.96540e-01	3.04020e-01	NA	NA
22	NA	G	C	1.57231e-02	1.21073e-02	1.94067e-01	3.03991e-01	NA	NA
22	NA	C	T	1.58498e-02	1.21063e-02	1.90461e-01	3.04013e-01	NA	NA
22	NA	G	A	1.74950e-02	1.21212e-02	1.48926e-01	3.06142e-01	NA	NA
22	NA	G	T	1.72067e-02	1.21196e-02	1.55686e-01	3.06304e-01	NA	NA
22	NA	C	T	1.73889e-02	1.21206e-02	1.51386e-01	3.06275e-01	NA	NA
22	NA	G	A	1.95336e-02	1.16259e-02	9.29242e-02	4.32663e-01	NA	NA
22	NA	G	C	2.19150e-02	1.14911e-02	5.65058e-02	3.81806e-01	NA	NA
22	NA	G	A	2.16448e-02	1.14904e-02	5.96034e-02	3.81686e-01	NA	NA
22	NA	A	C	2.17004e-02	1.14826e-02	5.87787e-02	3.81814e-01	NA	NA
22	NA	G	C	2.18102e-02	1.14858e-02	5.75806e-02	3.81748e-01	NA	NA
22	NA	A	G	2.15128e-02	1.14950e-02	6.12774e-02	3.81828e-01	NA	NA
22	NA	T	C	2.13064e-02	1.14940e-02	6.37838e-02	3.81799e-01	NA	NA
22	NA	G	T	2.26900e-02	1.28870e-02	7.82917e-02	2.55789e-01	NA	NA
22	NA	T	C	-1.40557e-03	4.99079e-02	9.77532e-01	1.42871e-02	NA	NA
22	NA	T	A	8.28343e-03	3.04305e-02	7.85462e-01	3.57911e-02	NA	NA
22	NA	G	A	1.99923e-02	1.54076e-02	1.94440e-01	1.54400e-01	NA	NA
22	NA	G	A	1.03688e-02	2.27675e-02	6.48806e-01	6.37363e-02	NA	NA
22	NA	C	G	1.89183e-02	1.54187e-02	2.19835e-01	1.55508e-01	NA	NA
22	NA	C	T	9.76347e-03	1.38349e-02	4.80368e-01	2.18922e-01	NA	NA
22	NA	G	C	1.32138e-01	9.13993e-02	1.48257e-01	4.53517e-03	NA	NA
22	NA	G	T	4.79486e-02	2.13231e-02	2.45342e-02	7.86957e-02	NA	NA
22	NA	G	A	4.75573e-02	2.12861e-02	2.54712e-02	7.89349e-02	NA	NA
22	NA	T	A	4.45838e-02	2.18576e-02	4.13772e-02	7.93741e-02	NA	NA
22	NA	C	T	-1.87065e-02	1.82129e-02	3.04373e-01	1.24520e-01	NA	NA
22	NA	T	C	1.53121e-02	1.60060e-02	3.38746e-01	1.59944e-01	NA	NA
22	NA	A	G	1.54432e-02	1.60085e-02	3.34703e-01	1.60052e-01	NA	NA
22	NA	T	G	-1.13337e-02	1.29515e-02	3.81525e-01	3.14647e-01	NA	NA
22	NA	C	T	-1.10071e-02	1.29807e-02	3.96465e-01	3.14819e-01	NA	NA
22	NA	A	G	-1.12100e-02	1.29935e-02	3.88282e-01	3.14633e-01	NA	NA
22	NA	G	A	-1.18794e-02	1.29993e-02	3.60799e-01	3.14508e-01	NA	NA
22	NA	C	T	-1.18201e-02	1.30006e-02	3.63247e-01	3.14733e-01	NA	NA
22	NA	A	G	-1.16227e-02	1.30078e-02	3.71583e-01	3.14832e-01	NA	NA
22	NA	C	T	-1.03724e-02	1.97941e-02	6.00270e-01	1.07046e-01	NA	NA
22	NA	T	C	1.35057e-02	1.64938e-02	4.12881e-01	1.42784e-01	NA	NA
22	NA	C	T	1.33166e-02	1.63872e-02	4.16434e-01	1.43736e-01	NA	NA
22	NA	C	T	1.18500e-02	1.61637e-02	4.63483e-01	1.45161e-01	NA	NA
22	NA	G	A	1.24846e-02	1.60375e-02	4.36296e-01	1.45181e-01	NA	NA
22	NA	C	T	1.24290e-02	1.60373e-02	4.38338e-01	1.45186e-01	NA	NA
22	NA	T	C	1.33950e-02	1.20858e-02	2.67724e-01	3.23420e-01	NA	NA
22	NA	T	G	-1.37257e-04	1.23767e-02	9.91152e-01	2.99511e-01	NA	NA
22	NA	G	A	2.90367e-03	1.23698e-02	8.14412e-01	2.93022e-01	NA	NA
22	NA	C	T	3.97509e-03	1.29857e-02	7.59518e-01	2.45316e-01	NA	NA
22	NA	C	G	4.84213e-03	1.29876e-02	7.09278e-01	2.45197e-01	NA	NA
22	NA	G	A	3.38377e-03	1.29820e-02	7.94363e-01	2.64986e-01	NA	NA
22	NA	A	T	6.63409e-03	1.31569e-02	6.14101e-01	2.39977e-01	NA	NA
22	NA	G	A	7.62898e-03	1.31672e-02	5.62324e-01	2.39594e-01	NA	NA
22	NA	C	T	7.52981e-03	1.31918e-02	5.68138e-01	2.38211e-01	NA	NA
22	NA	G	A	4.11732e-03	1.17937e-02	7.27006e-01	4.20624e-01	NA	NA
22	NA	C	G	-2.42569e-02	1.79214e-02	1.75892e-01	1.17494e-01	NA	NA
22	NA	A	G	-1.56179e-02	1.18669e-02	1.88145e-01	4.67983e-01	NA	NA
22	NA	G	A	6.48123e-03	1.15298e-02	5.74029e-01	4.03912e-01	NA	NA
22	NA	C	T	6.71372e-03	1.15245e-02	5.60191e-01	4.04262e-01	NA	NA
22	NA	C	T	1.72267e-02	1.13336e-02	1.28521e-01	4.32414e-01	NA	NA
22	NA	G	A	1.72146e-02	1.13333e-02	1.28779e-01	4.32392e-01	NA	NA
22	NA	T	C	1.69884e-02	1.13273e-02	1.33671e-01	4.32038e-01	NA	NA
22	NA	G	A	1.66542e-02	1.12468e-02	1.38662e-01	4.31885e-01	NA	NA
22	NA	C	A	1.73220e-02	1.12429e-02	1.23390e-01	4.31929e-01	NA	NA
22	NA	T	C	7.14736e-03	1.38384e-02	6.05514e-01	2.37208e-01	NA	NA
22	NA	A	T	7.14818e-03	1.38384e-02	6.05472e-01	2.37208e-01	NA	NA
22	NA	A	C	-4.40094e-03	1.13325e-02	6.97760e-01	4.86450e-01	NA	NA
22	NA	A	G	-4.99478e-03	1.12156e-02	6.56074e-01	4.77592e-01	NA	NA
22	NA	G	T	-5.14394e-03	1.12144e-02	6.46455e-01	4.77584e-01	NA	NA
22	NA	T	C	-1.19225e-02	1.13466e-02	2.93371e-01	4.05168e-01	NA	NA
22	NA	G	A	-1.26423e-02	1.13593e-02	2.65732e-01	4.04273e-01	NA	NA
22	NA	C	T	-7.08851e-03	1.14727e-02	5.36668e-01	3.87557e-01	NA	NA
22	NA	T	C	-1.30020e-02	2.00189e-02	5.16024e-01	8.64120e-02	NA	NA
22	NA	C	T	-1.59724e-02	2.03027e-02	4.31449e-01	8.37570e-02	NA	NA
22	NA	T	C	-6.55754e-03	1.12566e-02	5.60195e-01	4.50778e-01	NA	NA
22	NA	T	C	2.95334e-03	1.25298e-02	8.13662e-01	2.70942e-01	NA	NA
22	NA	T	C	1.57394e-02	1.12478e-02	1.61714e-01	4.36522e-01	NA	NA
22	NA	C	T	1.47386e-02	1.16661e-02	2.06457e-01	3.68802e-01	NA	NA
22	NA	T	A	1.57267e-02	1.12490e-02	1.62097e-01	4.36534e-01	NA	NA
22	NA	A	G	-1.54190e-01	9.68923e-02	1.11531e-01	3.81583e-03	NA	NA
22	NA	C	G	9.48684e-03	1.27613e-02	4.57234e-01	2.59218e-01	NA	NA
22	NA	G	T	-1.87816e-03	1.24454e-02	8.80046e-01	2.78739e-01	NA	NA
22	NA	G	T	-1.76366e-03	1.24243e-02	8.87118e-01	2.79281e-01	NA	NA
22	NA	G	A	-2.21776e-02	1.21365e-02	6.76487e-02	3.01421e-01	NA	NA
22	NA	A	G	-2.06807e-02	1.21818e-02	8.95705e-02	2.97573e-01	NA	NA
22	NA	A	G	-2.24183e-02	1.21521e-02	6.50657e-02	3.01540e-01	NA	NA
22	NA	A	AT	-2.17603e-02	1.21692e-02	7.37531e-02	3.00711e-01	NA	NA
22	NA	C	T	-2.20867e-02	1.21381e-02	6.88185e-02	3.01834e-01	NA	NA
22	NA	A	G	-2.11587e-02	1.21971e-02	8.27896e-02	2.97777e-01	NA	NA
22	NA	A	G	-4.80973e-02	1.16921e-02	3.89522e-05	3.52430e-01	NA	NA
22	NA	A	G	-3.28426e-02	1.26451e-02	9.39718e-03	2.63119e-01	NA	NA
22	NA	G	C	-2.69437e-02	1.55714e-02	8.35718e-02	1.58918e-01	NA	NA
22	NA	G	A	-2.46705e-02	1.56114e-02	1.14042e-01	1.57201e-01	NA	NA
22	NA	T	C	-2.87827e-02	1.22874e-02	1.91573e-02	3.14874e-01	NA	NA
22	NA	T	C	-1.78143e-02	1.55774e-02	2.52789e-01	1.64228e-01	NA	NA
22	NA	T	C	-2.75728e-02	1.24624e-02	2.69341e-02	4.12481e-01	NA	NA
22	NA	A	G	2.43590e-02	1.41983e-02	8.62318e-02	2.08338e-01	NA	NA
22	NA	A	C	2.44003e-02	1.42006e-02	8.57512e-02	2.08293e-01	NA	NA
22	NA	G	T	1.57809e-02	2.55999e-02	5.37602e-01	5.49680e-02	NA	NA
22	NA	C	A	-2.82499e-02	1.15105e-02	1.41178e-02	3.78020e-01	NA	NA
22	NA	A	C	-1.63705e-02	1.40561e-02	2.44161e-01	2.00191e-01	NA	NA
22	NA	G	T	-1.64425e-02	1.40556e-02	2.42076e-01	1.99224e-01	NA	NA
22	NA	C	G	2.51001e-02	2.90186e-02	3.87058e-01	3.84676e-02	NA	NA
22	NA	C	A	-1.83995e-02	1.52218e-02	2.26755e-01	1.58970e-01	NA	NA
22	NA	C	G	3.02554e-03	1.81403e-02	8.67538e-01	1.07513e-01	NA	NA
22	NA	C	T	-2.40834e-03	1.11625e-02	8.29180e-01	4.89830e-01	NA	NA
22	NA	T	C	1.15770e-02	1.16854e-02	3.21821e-01	3.77355e-01	NA	NA
22	NA	G	T	1.95154e-02	1.39445e-02	1.61663e-01	2.05194e-01	NA	NA
22	NA	A	T	1.40650e-02	1.53643e-02	3.59967e-01	1.56770e-01	NA	NA
22	NA	G	A	-1.36656e-02	1.13205e-02	2.27374e-01	4.17793e-01	NA	NA
22	NA	C	A	-1.36803e-02	1.13208e-02	2.26887e-01	4.17780e-01	NA	NA
22	NA	A	G	1.62980e-02	1.32953e-02	2.20260e-01	2.28690e-01	NA	NA
22	NA	A	G	1.64660e-02	1.32923e-02	2.15434e-01	2.28828e-01	NA	NA
22	NA	C	T	-5.63854e-04	1.17102e-02	9.61596e-01	3.52044e-01	NA	NA
22	NA	G	A	-2.24541e-02	1.25965e-02	7.46582e-02	3.32144e-01	NA	NA
22	NA	T	C	-2.05822e-02	1.25595e-02	1.01261e-01	3.33877e-01	NA	NA
22	NA	C	T	-2.05040e-02	1.25617e-02	1.02627e-01	3.33716e-01	NA	NA
22	NA	T	C	-4.20389e-02	2.91583e-02	1.49374e-01	3.79671e-02	NA	NA
22	NA	A	G	-1.17887e-02	1.13993e-02	3.01064e-01	4.09427e-01	NA	NA
22	NA	C	T	5.16421e-02	2.85172e-02	7.01558e-02	4.01986e-02	NA	NA
22	NA	G	A	2.62346e-03	1.15546e-02	8.20386e-01	3.77486e-01	NA	NA
22	NA	G	C	2.60326e-03	1.15496e-02	8.21669e-01	3.77791e-01	NA	NA
22	NA	C	G	3.96253e-03	1.15308e-02	7.31111e-01	3.79022e-01	NA	NA
22	NA	T	G	-9.91187e-03	1.19394e-02	4.06438e-01	3.20253e-01	NA	NA
22	NA	T	C	2.66879e-02	1.12033e-02	1.72128e-02	4.62442e-01	NA	NA
22	NA	T	C	9.30478e-03	1.21122e-02	4.42361e-01	3.70256e-01	NA	NA
22	NA	G	A	8.70509e-03	1.20934e-02	4.71635e-01	3.67639e-01	NA	NA
22	NA	C	T	-2.53259e-03	1.20779e-02	8.33911e-01	3.29132e-01	NA	NA
22	NA	C	T	3.54289e-02	1.20320e-02	3.23453e-03	3.39416e-01	NA	NA
22	NA	T	C	2.82637e-02	1.16713e-02	1.54512e-02	3.94079e-01	NA	NA
22	NA	T	G	2.70652e-02	1.12288e-02	1.59382e-02	4.61492e-01	NA	NA
22	NA	T	A	-4.21768e-03	3.33795e-02	8.99451e-01	3.38025e-02	NA	NA
22	NA	G	A	2.73617e-02	1.12411e-02	1.49300e-02	4.61162e-01	NA	NA
22	NA	C	T	8.61343e-03	1.33441e-02	5.18613e-01	2.27898e-01	NA	NA
22	NA	A	G	8.62021e-03	1.33439e-02	5.18277e-01	2.27910e-01	NA	NA
22	NA	A	G	8.61343e-03	1.33441e-02	5.18613e-01	2.27898e-01	NA	NA
22	NA	A	G	2.26305e-03	1.18771e-02	8.48887e-01	3.27580e-01	NA	NA
22	NA	G	A	2.35629e-03	1.18850e-02	8.42843e-01	3.27817e-01	NA	NA
22	NA	T	C	5.76160e-07	1.11621e-02	9.99959e-01	4.78901e-01	NA	NA
22	NA	T	A	1.78309e-02	3.08712e-02	5.63540e-01	3.40964e-02	NA	NA
22	NA	G	A	2.20602e-02	1.23211e-02	7.33847e-02	2.85541e-01	NA	NA
22	NA	A	T	-4.96180e-02	2.41288e-02	3.97461e-02	5.71592e-02	NA	NA
22	NA	A	G	-5.11480e-02	2.41509e-02	3.41884e-02	5.70733e-02	NA	NA
22	NA	A	G	-1.18161e-02	1.29991e-02	3.63351e-01	2.51086e-01	NA	NA
22	NA	T	G	-1.17850e-02	1.29995e-02	3.64636e-01	2.51070e-01	NA	NA
22	NA	C	A	1.51357e-03	1.22350e-02	9.01546e-01	3.00826e-01	NA	NA
22	NA	A	G	1.34073e-03	1.22365e-02	9.12752e-01	3.00824e-01	NA	NA
22	NA	C	T	3.19679e-03	1.23428e-02	7.95635e-01	2.95805e-01	NA	NA
22	NA	T	A	3.23945e-03	1.23427e-02	7.92968e-01	2.95995e-01	NA	NA
22	NA	A	T	3.72444e-04	1.21359e-02	9.75517e-01	3.53565e-01	NA	NA
22	NA	C	T	2.78881e-03	1.23159e-02	8.20859e-01	2.86823e-01	NA	NA
22	NA	G	A	1.69898e-03	1.21646e-02	8.88924e-01	3.03112e-01	NA	NA
22	NA	T	C	1.97001e-03	1.21638e-02	8.71340e-01	3.03170e-01	NA	NA
22	NA	A	T	2.62809e-03	1.24105e-02	8.32292e-01	2.80967e-01	NA	NA
22	NA	T	C	1.05367e-02	1.12992e-02	3.51069e-01	4.32284e-01	NA	NA
22	NA	A	C	2.39651e-03	1.28968e-02	8.52584e-01	2.55091e-01	NA	NA
22	NA	T	C	-8.02405e-04	1.31419e-02	9.51314e-01	2.40908e-01	NA	NA
22	NA	G	C	6.31353e-04	1.31927e-02	9.61831e-01	2.40278e-01	NA	NA
22	NA	T	C	4.13879e-04	1.31166e-02	9.74828e-01	2.41691e-01	NA	NA
22	NA	C	G	-4.26615e-03	1.12182e-02	7.03731e-01	4.74537e-01	NA	NA
22	NA	A	G	5.94641e-03	1.32435e-02	6.53427e-01	2.34537e-01	NA	NA
22	NA	C	CTT	-1.41373e-02	3.59145e-02	6.93848e-01	2.68982e-02	NA	NA
22	NA	C	A	-1.91545e-03	3.46871e-02	9.55963e-01	2.77149e-02	NA	NA
22	NA	T	G	2.90580e-02	1.37153e-02	3.41197e-02	2.15901e-01	NA	NA
22	NA	T	C	-1.33409e-02	1.43438e-02	3.52330e-01	1.87632e-01	NA	NA
22	NA	T	A	-1.87571e-02	1.98922e-02	3.45715e-01	8.72998e-02	NA	NA
22	NA	T	C	3.10373e-02	1.36835e-02	2.33156e-02	2.14439e-01	NA	NA
22	NA	T	C	3.10297e-02	1.36835e-02	2.33497e-02	2.14440e-01	NA	NA
22	NA	G	C	2.91483e-02	1.37765e-02	3.43631e-02	2.13934e-01	NA	NA
22	NA	G	C	2.70551e-02	1.15187e-02	1.88345e-02	3.86049e-01	NA	NA
22	NA	G	A	2.70631e-02	1.15186e-02	1.87991e-02	3.86047e-01	NA	NA
22	NA	A	G	-7.46608e-03	1.51096e-02	6.21216e-01	1.64889e-01	NA	NA
22	NA	T	C	-3.33574e-02	1.63872e-02	4.17938e-02	1.36636e-01	NA	NA
22	NA	G	A	-7.04293e-03	1.48652e-02	6.35653e-01	1.70878e-01	NA	NA
22	NA	T	C	-7.28946e-03	1.48653e-02	6.23875e-01	1.70950e-01	NA	NA
22	NA	T	C	-6.98825e-03	1.48662e-02	6.38300e-01	1.70826e-01	NA	NA
22	NA	G	A	-6.82801e-03	1.48657e-02	6.46010e-01	1.70835e-01	NA	NA
22	NA	A	G	-3.36681e-02	1.66436e-02	4.30865e-02	1.31295e-01	NA	NA
22	NA	T	C	-7.00603e-03	1.48690e-02	6.37509e-01	1.70734e-01	NA	NA
22	NA	C	T	-6.71089e-03	1.48821e-02	6.52034e-01	1.70346e-01	NA	NA
22	NA	C	T	-6.47800e-03	1.48590e-02	6.62862e-01	1.70226e-01	NA	NA
22	NA	C	T	-6.57609e-03	1.48934e-02	6.58819e-01	1.69512e-01	NA	NA
22	NA	C	A	9.78267e-03	1.36998e-02	4.75181e-01	2.09336e-01	NA	NA
22	NA	A	G	2.04690e-02	1.22716e-02	9.53169e-02	2.93743e-01	NA	NA
22	NA	T	C	3.83260e-03	1.82507e-02	8.33670e-01	1.05371e-01	NA	NA
22	NA	C	T	-2.48127e-02	1.14058e-02	2.95978e-02	4.26369e-01	NA	NA
22	NA	CT	C	-3.59040e-03	1.21479e-02	7.67569e-01	4.48648e-01	NA	NA
22	NA	C	G	-1.91173e-02	1.19606e-02	1.09966e-01	3.29439e-01	NA	NA
22	NA	A	G	-1.63676e-02	1.14660e-02	1.53441e-01	3.95680e-01	NA	NA
22	NA	C	T	-2.84242e-04	1.14548e-02	9.80203e-01	3.98092e-01	NA	NA
22	NA	T	C	-1.27162e-04	1.14542e-02	9.91142e-01	3.98003e-01	NA	NA
22	NA	C	T	3.13160e-06	1.14530e-02	9.99782e-01	3.98037e-01	NA	NA
22	NA	T	C	-5.38502e-03	1.12488e-02	6.32138e-01	4.53085e-01	NA	NA
22	NA	T	C	-1.07682e-02	1.19887e-02	3.69079e-01	3.30389e-01	NA	NA
22	NA	C	G	-9.37997e-03	1.18313e-02	4.27891e-01	3.44764e-01	NA	NA
22	NA	C	T	-7.92858e-04	1.16579e-02	9.45777e-01	4.37636e-01	NA	NA
22	NA	C	T	-3.15089e-02	1.99492e-02	1.14232e-01	1.03554e-01	NA	NA
22	NA	C	T	6.32795e-03	1.21608e-02	6.02815e-01	3.86779e-01	NA	NA
22	NA	C	G	-3.69804e-02	2.69376e-02	1.69809e-01	5.24549e-02	NA	NA
22	NA	A	G	-6.41294e-03	1.46707e-02	6.62020e-01	1.79093e-01	NA	NA
